218
504
1076
2220
4508
9084
18236
36540
73148
146364
292796
585660
1171388
2342844
4685756
9371580
18743228
37486524
74973116
149946300
299892668
599785404
1199570876
2399141820
4798283708
9596567484
19193135036
38386270140
76772540348
153545080764
307090161596
614180323260
1228360646588
2456721293244
4913442586556
9826885173180
19653770346428
39307540692924
78615081385916
157230162771900
314460325543868
628920651087804
1257841302175676
2515682604351420
5031365208702908
10062730417405884
20125460834811836
40250921669623740
80501843339247548
161003686678495164
here
.
