100
100 1
100
10 3
20 3 15
643560 5
212424 501320 291503 650876 651099
538817 1
993885
757311 5
912305 787650 377200 313252 30499
843360 4
293516 489364 141069 551162
8 5
255 296 477 11 141
513852 4
419413 752097 899744 631551
572277 5
217419 883005 533739 367357 369625
848146 3
961463 633587 970269
781358 4
741294 624750 707078 410302
3 5
3 2 2 3 3
8 5
2 1 2 2 1
291582 1
989106
978799 3
452996 237682 976288
298366 5
94099 46359 16975 72169 262457
226658 5
42414 312850 144007 456096 473251
605771 4
824196 750544 263438 241131
425525 5
963848 322401 264220 134497 434
608749 3
603318 436601 931191
1000000 5
916088 387354 921123 66175 401293
2 5
1 1 1 1 1
2 5
8 2 5 9 6
883205 3
43798 672446 534080
864224 1
869540
11 5
10 5 5 5 5
1000000 1
1000000
703447 5
216147 395990 23148 364005 20445
5 5
20 63 15 23 57
3 4
2 2 2 3
24455 5
133956 516686 524036 770473 838022
1000000 5
346231 877824 325713 101181 231507
522379 5
166439 56008 305990 923749 369260
789000 1
865313
315393 5
166474 785956 402926 691432 314394
10 5
5 5 5 5 10
519352 4
607159 400923 986231 607442
337784 2
204972 641096
570524 5
174029 870423 970080 217827 59220
945426 4
673162 397950 966541 260115
900482 5
750058 543140 803490 251840 618614
97591 3
893791 504764 586954
794268 2
419293 952611
3 4
2 2 2 4
1000000 1
999999
744425 2
517612 466287
9 5
2 2 2 2 1
726765 3
997489 477582 351192
4 5
762 711 225 262 348
501782 3
559123 28245 96033
152479 4
174756 969448 269649 258155
1000000 5
163360 952177 345939 193665 529166
927535 1
170981
395185 5
630497 421667 395618 594344 72516
105225 4
98877 44179 409369 669008
299329 5
406117 427280 588343 813516 404374
89428 5
102802 253002 440260 571182 770936
1000000 5
477601 300511 773170 901570 461719
323484 5
40111 415802 466879 752618 885830
199541 5
470600 797916 987190 580160 243546
801641 3
608886 594251 691804
2 4
2 2 2 6
221032 2
670781 542479
1 5
1 1 1 1 1
986335 2
430188 214813
758974 4
3042 921395 64326 384706
971094 5
208870 73376 384448 76261 292715
355907 2
890164 194220
442099 5
917350 413683 333594 328063 160402
80899 5
304144 53780 334195 972974 744887
216099 5
123438 426164 500685 541049 949264
1 5
1000000 1000000 1000000 1000000 1000000
11 5
5 5 5 5 10
72555 2
361241 718142
267838 3
119683 895239 71327
1000000 5
1 1 1 1 1
3 5
379 217 21 265 317
515293 5
16874 106112 10192 62391 195539
629079 4
837824 836244 216757 242049
3 3
1 1 100
833147 5
143011 797899 809985 250784 639027
9 5
4 3 3 1 4
516878 5
232594 756584 109419 207032 385780
502988 5
247058 267260 473725 646119 708152
438452 4
149779 100939 676133 126066
104242 5
789298 386289 867600 22610 590391
1000000 5
1000000 1000000 1000000 1000000 1000000
132120 1
572550
1 5
754951 837332 182391 899154 90163
531583 5
399527 43565 316153 317171 367048
518378 1
870752
284 5
306395 285498 62495 12041 105
1000000 5
234370 490690 919354 12621 551040
309456 5
146831 25975 893572 188342 361194
6 5
212 58 191 303 1
8 5
2 2 3 3 1
898694 5
413895 714719 657668 416936 152465
67765 4
41512 818868 100994 274106
347702 2
356809 284890
524958 5
896403 289015 198334 112886 12087
